$ANSIBLE_VAULT;1.1;AES256
39363864666537303232363865386333366231636361613939356430316639353134356665356332
6463313131343163383632376232663736386239336164330a343838343365353934303264656232
62646334646436646164383139653939386639643966383033666333613065626339346537396366
6166343963383465350a313034306537386635616530643462326666636235353562353537393732
35333632666163633331626664613530653535333661616634643838386563626261343566653865
32326130643734393062326239303033386632303062623036333962323333336166363165343533
65616134393437633063353236356463646433333137633463356366373435616439613637373631
61663535303564633533326462663230386133653564623035663233323635326133663833626537
32313562396331393536376338646636623438393265316564353630363037653932373462646366
39313865653163663938376363326434386530396137643438616333366566343761653132306361
35303530343530393931306134303834643431396430613630363834326330336339333366643634
31373231303664386536626562313261393864646665353934386164376566636661383865363466
32386533646135393164383762653434623164373530616537393561613463306333646431346666
39666638613333656330363735643737323866323337626635343361303832646637343636633937
62393265336336343030303232636630336232346465303561313565383661383462373139633830
36393663646537653436663235333063346364363539666434393131333161656166656135623033
33366136373530386639363363643139316535323834613863343138393065383431353533616239
65356530613664313164386462376364653839383537336637356633363866643037356436623233
62323964353136313834333134626535623266663337356634336331623566336561396663356439
66313061336465303736653731333134626238303764323735386530386232656462663862343265
66613166633130306265303230363736626136323131323563653633336562396137626663633266
39643765626136346633626539646565303865343830336564386436643330383931666632623061
62393064363834666339313032643361316364353039643733316331633866393038316566626438
30396163383939383461626165646335386135623363323464323334366235653765636635363362
3563
